00001
00002
00003
00004
00005
00007
00008
00009
00010
00011
00012
00013
00014
00015
00016
00018
00020
00021
00022
00023
00024
00025
00026
00027
00029
00030
00031
00032
00036
00038
00039
00040
00041
00043
00044
00046
00047
00048
01000
01001
01002
01003
01004
01005
01006
01007
01008
01009
01010
01012
01013
01014
01015
01016
01017
01018
01019
01021
01022
01024
01025
01026
01028
01029
01030
01031
01032
01033
01034
01036
01037
01038
01039
01040
01041
01042
01043
01045
01046
01048
01049
02000
02002
02003
02005
02006
02007
02008
02009
02010
02011
02013
02014
02015
02016
02017
02018
02020
02021
02022
02023
02024
02025
02027
02028
02029
02032
02035
02036
02037
02038
02040
02041
02042
02043
02044
02045
02046
02047
02048
02049
03001
03003
03005
03006
03008
03009
03010
03011
03012
03013
03014
03015
03016
03017
03018
03019
03020
03021
03022
03023
03024
03026
03027
03028
03029
03031
03032
03033
03034
03035
03037
03038
03039
03041
03042
03043
03045
03047
03048
03049
04000
04003
04004
04006
04007
04008
04009
04011
04012
04013
04014
04016
04017
04018
04019
04020
04021
04024
04025
04027
04029
04030
04032
04033
04034
04036
04037
04038
04040
04041
04042
04043
04044
04045
04046
04047
04048
04049
05000
05001
05002
05003
05005
05006
05008
05009
05010
05011
05013
05014
05015
05017
05018
05019
05020
05021
05023
05026
05027
05028
05029
05030
05031
05032
05033
05034
05035
05036
05037
05038
05040
05041
05043
05044
05045
05046
05047
05049
06000
06001
06002
06003
06004
06005
06006
06007
06008
06009
06011
06012
06013
06014
06017
06019
06020
06021
06022
06023
06024
06025
06026
06028
06029
06030
06031
06032
06033
06034
06035
06036
06037
06038
06039
06040
06041
06042
06043
06044
06045
06046
06047
06048
06049
07000
07003
07004
07007
07008
07009
07010
07011
07012
07013
07014
07015
07016
07017
07019
07020
07021
07022
07023
07024
07025
07026
07028
07029
07030
07031
07032
07033
07034
07038
07040
07042
07043
07044
07045
07047
07049
08000
08001
08002
08004
08005
08006
08007
08008
08009
08010
08012
08014
08015
08016
08017
08018
08019
08020
08021
08022
08024
08026
08027
08028
08029
08030
08031
08032
08033
08035
08036
08041
08042
08043
08044
08045
08047
08048
08049
09000
09001
09003
09004
09007
09008
09009
09010
09011
09012
09013
09014
09017
09018
09019
09022
09023
09024
09025
09027
09028
09029
09030
09031
09032
09033
09034
09036
09037
09038
09040
09041
09042
09043
09044
09045
09047
09048
09049
10001
10002
10003
10004
10005
10007
10008
10009
10011
10012
10013
10014
10015
10017
10018
10019
10020
10021
10022
10023
10024
10025
10026
10027
10028
10029
10030
10031
10032
10033
10034
10035
10036
10037
10038
10039
10040
10041
10044
10045
10046
10047
11000
11001
11002
11004
11005
11006
11007
11008
11009
11010
11012
11013
11014
11015
11016
11017
11018
11020
11021
11022
11023
11025
11026
11027
11028
11030
11031
11032
11033
11034
11037
11039
11040
11042
11043
11044
11045
11047
11048
11049
12000
12001
12004
12005
12006
12007
12008
12009
12011
12012
12014
12016
12018
12019
12020
12022
12023
12024
12025
12026
12027
12028
12029
12030
12031
12032
12033
12035
12036
12037
12038
12039
12040
12041
12042
12043
12044
12046
12047
12048
12049
13000
13001
13002
13003
13005
13007
13008
13010
13011
13012
13013
13014
13015
13016
13019
13020
13021
13022
13023
13024
13027
13028
13029
13031
13032
13033
13034
13035
13036
13038
13039
13040
13041
13042
13043
13044
13045
13046
13048
13049
14000
14001
14002
14003
14004
14005
14006
14007
14008
14009
14010
14012
14013
14014
14015
14017
14018
14020
14021
14022
14023
14024
14025
14026
14027
14028
14030
14031
14032
14033
14034
14035
14036
14037
14039
14041
14043
14044
14046
14048
14049
15001
15002
15003
15004
15005
15006
15007
15008
15009
15010
15012
15013
15014
15015
15016
15019
15020
15021
15022
15023
15024
15025
15026
15027
15028
15029
15030
15031
15032
15035
15036
15037
15038
15039
15040
15041
15042
15043
15045
15046
15047
15048
15049
16000
16002
16003
16004
16005
16007
16008
16010
16012
16013
16016
16019
16020
16021
16022
16023
16024
16025
16026
16027
16028
16029
16030
16031
16032
16033
16034
16035
16036
16037
16038
16039
16040
16041
16042
16043
16044
16045
16046
16047
16049
17000
17001
17002
17003
17004
17005
17007
17008
17009
17011
17012
17014
17015
17017
17018
17019
17022
17024
17026
17029
17030
17031
17032
17034
17035
17037
17038
17039
17040
17041
17042
17043
17044
17045
17046
17047
17048
17049
18000
18001
18002
18003
18004
18005
18006
18007
18008
18009
18010
18012
18013
18014
18015
18016
18019
18020
18021
18023
18024
18025
18026
18027
18028
18032
18033
18034
18035
18036
18038
18040
18042
18045
18046
18048
19001
19003
19004
19005
19006
19007
19009
19010
19011
19012
19013
19014
19016
19017
19018
19019
19021
19022
19023
19024
19025
19028
19030
19031
19032
19033
19034
19035
19036
19037
19038
19039
19040
19041
19044
19045
19046
19047
19048
19049
20001
20002
20003
20004
20006
20007
20008
20009
20011
20014
20015
20016
20018
20019
20020
20022
20023
20024
20025
20026
20027
20028
20029
20030
20031
20032
20034
20035
20036
20037
20039
20040
20041
20042
20043
20044
20045
20046
20047
20048
20049
21000
21001
21002
21003
21005
21006
21007
21008
21009
21010
21011
21012
21013
21014
21015
21016
21018
21019
21021
21023
21024
21025
21028
21029
21030
21032
21034
21038
21039
21041
21043
21044
21046
21047
21048
21049
22000
22001
22004
22005
22006
22007
22012
22013
22015
22016
22018
22019
22021
22022
22024
22025
22026
22028
22029
22031
22033
22034
22035
22036
22037
22038
22039
22040
22041
22042
22043
22044
22045
22046
22047
22048
23000
23001
23002
23003
23004
23005
23006
23007
23008
23009
23010
23013
23014
23015
23018
23019
23020
23021
23022
23023
23024
23025
23026
23028
23029
23030
23031
23032
23033
23035
23036
23037
23038
23039
23040
23042
23043
23044
23045
23046
23047
23048
23049
24001
24002
24003
24004
24005
24006
24007
24008
24009
24012
24013
24014
24015
24018
24019
24020
24021
24022
24023
24024
24025
24026
24027
24028
24029
24031
24032
24033
24034
24035
24036
24037
24038
24039
24041
24042
24044
24045
24046
24048
24049
25001
25002
25004
25005
25007
25008
25009
25010
25013
25015
25016
25018
25019
25020
25021
25022
25024
25025
25026
25028
25031
25032
25033
25036
25037
25038
25039
25040
25041
25043
25044
25045
25046
25047
25048
25049
26000
26001
26002
26003
26005
26006
26007
26008
26009
26010
26013
26014
26015
26016
26017
26018
26019
26020
26021
26023
26024
26025
26026
26027
26028
26029
26030
26031
26032
26033
26034
26035
26036
26037
26038
26039
26040
26041
26042
26043
26044
26045
26046
26048
26049
27001
27002
27003
27004
27006
27008
27009
27010
27011
27012
27013
27016
27017
27018
27020
27021
27022
27023
27024
27026
27027
27028
27029
27030
27031
27032
27033
27034
27035
27036
27037
27038
27039
27040
27041
27042
27044
27045
27046
27047
27048
27049
28000
28001
28002
28003
28004
28005
28006
28007
28009
28010
28011
28012
28013
28014
28015
28016
28017
28018
28019
28020
28021
28022
28023
28024
28027
28028
28029
28030
28031
28033
28034
28035
28037
28043
28044
28045
28046
28047
28048
28049
29000
29001
29002
29003
29004
29005
29006
29007
29009
29010
29011
29012
29015
29016
29017
29018
29019
29020
29021
29022
29024
29025
29026
29027
29028
29029
29030
29031
29033
29034
29035
29036
29037
29038
29039
29040
29041
29043
29044
29045
29046
29047
29049
30001
30003
30004
30005
30007
30008
30009
30010
30011
30012
30013
30015
30016
30018
30019
30020
30021
30022
30023
30024
30025
30027
30028
30029
30030
30032
30035
30036
30037
30038
30039
30040
30041
30042
30043
30045
30046
30048
30049
31000
31004
31006
31007
31008
31009
31010
31011
31012
31014
31015
31016
31017
31019
31020
31021
31022
31023
31024
31025
31026
31027
31028
31030
31032
31033
31034
31036
31037
31039
31040
31041
31042
31044
31045
31046
31047
32000
32001
32002
32003
32004
32005
32006
32007
32008
32009
32010
32011
32013
32014
32015
32016
32017
32018
32019
32020
32023
32024
32025
32026
32027
32028
32029
32030
32031
32032
32033
32034
32035
32036
32038
32040
32043
32044
32045
32046
32047
32048
32049
33001
33002
33003
33004
33005
33007
33008
33010
33011
33012
33013
33014
33015
33016
33018
33019
33020
33022
33023
33024
33026
33028
33030
33032
33033
33034
33035
33036
33037
33038
33041
33042
33043
33044
33045
33046
33047
33048
33049
34000
34001
34002
34004
34006
34007
34008
34010
34011
34013
34014
34015
34016
34017
34019
34020
34021
34022
34023
34024
34025
34026
34027
34028
34029
34031
34032
34033
34034
34036
34037
34038
34039
34041
34042
34043
34044
34045
34046
34047
34048
34049
35000
35002
35004
35005
35006
35007
35008
35009
35010
35011
35013
35014
35015
35016
35017
35018
35019
35024
35025
35027
35028
35029
35030
35031
35032
35033
35034
35035
35036
35037
35038
35040
35041
35042
35043
35044
35045
35046
35047
35048
35049
36000
36001
36002
36004
36006
36008
36009
36010
36011
36012
36014
36015
36017
36018
36020
36021
36022
36023
36024
36025
36027
36028
36029
36031
36032
36033
36034
36035
36036
36037
36038
36039
36041
36042
36043
36045
36046
36047
36048
36049
37000
37001
37002
37003
37004
37005
37006
37007
37008
37009
37010
37011
37012
37014
37015
37016
37019
37020
37021
37022
37023
37025
37026
37027
37028
37029
37031
37032
37033
37034
37035
37036
37037
37038
37039
37040
37041
37042
37044
37045
37047
37049
38001
38002
38004
38005
38007
38008
38009
38010
38011
38012
38013
38016
38018
38019
38020
38021
38022
38023
38024
38026
38028
38029
38030
38031
38032
38033
38034
38036
38037
38038
38041
38042
38043
38044
38045
38046
38047
38049
39000
39001
39002
39004
39005
39006
39007
39008
39009
39010
39012
39013
39015
39017
39018
39019
39021
39023
39024
39025
39026
39027
39028
39029
39030
39033
39034
39035
39036
39039
39040
39041
39042
39043
39044
39045
39046
39047
39048
39049
40000
40001
40004
40006
40007
40008
40009
40010
40011
40012
40013
40014
40015
40016
40018
40019
40022
40023
40024
40025
40026
40027
40028
40029
40031
40032
40033
40034
40035
40036
40038
40039
40040
40041
40042
40043
40044
40045
40046
40047
40048
41000
41002
41003
41004
41007
41008
41009
41010
41011
41012
41013
41014
41016
41017
41018
41019
41020
41021
41023
41025
41026
41027
41029
41030
41031
41032
41033
41034
41035
41036
41037
41038
41039
41040
41041
41042
41044
41045
41047
41048
42000
42002
42003
42005
42006
42007
42008
42010
42012
42014
42015
42016
42017
42018
42019
42020
42021
42022
42023
42026
42027
42029
42030
42031
42032
42033
42034
42035
42036
42037
42038
42040
42041
42042
42043
42044
42045
42046
42048
42049
43000
43001
43002
43003
43004
43005
43006
43010
43011
43012
43013
43014
43016
43017
43018
43019
43020
43021
43022
43024
43025
43026
43028
43029
43030
43031
43032
43033
43034
43035
43036
43037
43039
43040
43041
43042
43043
43045
43046
43047
43048
43049
44000
44001
44003
44004
44005
44006
44008
44011
44012
44013
44015
44017
44018
44020
44021
44022
44024
44025
44026
44027
44028
44029
44030
44031
44033
44035
44036
44037
44038
44041
44042
44043
44044
44046
44047
44048
44049
45000
45001
45002
45003
45005
45006
45007
45009
45010
45013
45015
45017
45018
45019
45020
45021
45022
45024
45025
45026
45027
45028
45029
45030
45031
45032
45033
45034
45035
45036
45037
45038
45039
45040
45041
45042
45044
45046
45047
45048
45049
46000
46001
46002
46003
46004
46005
46006
46007
46008
46009
46012
46014
46015
46016
46017
46018
46019
46020
46021
46025
46026
46027
46028
46030
46031
46032
46033
46035
46037
46038
46039
46040
46041
46043
46044
46045
46046
46047
46048
46049
47000
47002
47003
47004
47006
47009
47010
47011
47013
47014
47015
47016
47017
47018
47019
47020
47021
47022
47023
47024
47025
47027
47028
47029
47031
47032
47033
47034
47035
47036
47037
47038
47039
47040
47041
47042
47043
47044
47045
47047
47048
47049
48000
48001
48002
48004
48005
48006
48007
48008
48009
48010
48011
48012
48013
48014
48015
48016
48017
48018
48020
48021
48022
48023
48025
48026
48027
48028
48029
48030
48031
48033
48034
48035
48037
48038
48039
48040
48041
48042
48044
48046
48047
48048
48049
49001
49004
49005
49006
49007
49008
49009
49012
49013
49014
49015
49016
49017
49018
49019
49020
49021
49022
49023
49026
49028
49029
49030
49031
49032
49033
49034
49035
49036
49037
49038
49039
49040
49041
49042
49043
49044
49045
49046
49047
49048
49049
50000
50001
50002
50003
50004
50005
50007
50008
50009
50010
50011
50012
50013
50014
50015
50016
50017
50018
50019
50020
50021
50022
50024
50025
50027
50028
50029
50030
50031
50032
50034
50035
50036
50038
50039
50040
50043
50046
50048
50049
51000
51003
51004
51005
51006
51008
51009
51010
51011
51012
51013
51014
51017
51018
51019
51022
51023
51024
51026
51027
51028
51029
51030
51031
51032
51033
51034
51035
51036
51037
51038
51039
51040
51041
51042
51043
51044
51045
51047
51048
52000
52001
52004
52005
52007
52008
52009
52012
52013
52014
52017
52018
52019
52021
52022
52023
52024
52025
52026
52027
52028
52029
52030
52031
52033
52034
52035
52036
52038
52039
52041
52043
52045
52046
52047
52048
52049
53000
53001
53002
53003
53004
53006
53007
53008
53009
53010
53011
53013
53014
53015
53016
53017
53018
53019
53021
53022
53023
53024
53025
53026
53027
53028
53029
53031
53032
53033
53034
53035
53037
53039
53040
53041
53043
53044
53045
53046
53047
53048
54000
54001
54002
54003
54004
54005
54006
54010
54012
54014
54016
54017
54018
54019
54020
54021
54022
54023
54024
54025
54027
54028
54029
54030
54032
54033
54035
54036
54037
54038
54039
54040
54041
54042
54044
54045
54046
54047
54048
54049
55000
55004
55005
55006
55007
55008
55009
55010
55012
55013
55015
55016
55017
55018
55019
55020
55021
55022
55025
55026
55027
55029
55030
55031
55032
55033
55034
55036
55037
55038
55039
55040
55041
55042
55043
55044
55045
55046
55047
55048
55049
56000
56001
56002
56003
56005
56008
56009
56010
56011
56012
56014
56015
56018
56019
56020
56021
56022
56023
56024
56025
56027
56028
56029
56030
56032
56033
56034
56035
56036
56037
56038
56039
56042
56043
56045
56046
56047
56048
56049
57001
57002
57004
57005
57006
57008
57010
57011
57013
57014
57016
57017
57018
57020
57021
57022
57023
57024
57025
57026
57027
57028
57029
57030
57032
57033
57034
57035
57036
57037
57038
57039
57040
57041
57042
57043
57044
57045
57046
57047
57048
57049
58000
58004
58005
58006
58007
58008
58010
58011
58013
58014
58015
58016
58017
58018
58019
58020
58021
58022
58023
58024
58025
58026
58030
58031
58032
58033
58034
58036
58037
58038
58039
58040
58042
58043
58044
58045
58046
58047
58048
58049
59000
59001
59002
59003
59004
59006
59008
59009
59010
59012
59014
59015
59017
59018
59019
59020
59022
59023
59024
59025
59026
59027
59028
59029
59030
59031
59032
59033
59034
59037
59038
59039
59041
59042
59044
59045
59046
59047
59048
59049
60001
60003
60004
60005
60006
60007
60008
60009
60010
60012
60013
60014
60015
60016
60017
60018
60019
60021
60023
60024
60025
60026
60027
60028
60029
60031
60032
60033
60034
60035
60036
60037
60038
60039
60040
60041
60042
60043
60044
60045
60046
60047
60048
60049
61000
61001
61002
61003
61004
61005
61007
61008
61009
61010
61011
61013
61014
61015
61016
61017
61018
61019
61020
61022
61023
61024
61025
61026
61027
61029
61030
61032
61033
61034
61035
61036
61038
61039
61040
61041
61042
61043
61044
61045
61047
61048
61049
62000
62001
62002
62003
62004
62005
62006
62007
62008
62009
62010
62011
62012
62013
62015
62016
62017
62019
62020
62021
62022
62023
62024
62025
62026
62027
62028
62029
62031
62032
62033
62034
62035
62036
62037
62038
62039
62040
62041
62042
62043
62044
62045
62046
62047
62048
62049
63000
63001
63002
63003
63004
63005
63006
63007
63008
63009
63010
63011
63012
63013
63014
63016
63017
63018
63021
63022
63023
63025
63026
63027
63029
63030
63031
63032
63034
63035
63036
63037
63038
63040
63041
63042
63043
63044
63045
63046
63047
63048
63049
64000
64002
64004
64007
64008
64010
64011
64012
64014
64015
64016
64017
64018
64020
64021
64022
64023
64024
64025
64026
64028
64030
64031
64032
64033
64034
64035
64037
64039
64040
64042
64043
64044
64046
64047
64048
64049
65000
65001
65002
65004
65005
65007
65008
65009
65010
65011
65012
65013
65015
65016
65018
65019
65021
65022
65023
65024
65025
65026
65027
65028
65029
65030
65033
65034
65035
65036
65037
65038
65039
65040
65041
65042
65043
65044
65045
65046
65047
66000
66001
66003
66004
66006
66007
66008
66009
66010
66011
66012
66013
66015
66016
66017
66018
66019
66020
66021
66022
66023
66024
66025
66026
66027
66028
66029
66030
66031
66032
66033
66035
66036
66038
66039
66040
66041
66042
66044
66045
66046
66047
67000
67001
67002
67003
67004
67005
67006
67009
67010
67011
67012
67013
67014
67015
67016
67017
67018
67019
67020
67021
67022
67023
67024
67025
67027
67028
67029
67030
67032
67033
67034
67035
67036
67037
67039
67041
67043
67044
67045
67049
68000
68001
68002
68005
68006
68007
68008
68010
68011
68012
68013
68014
68015
68017
68018
68019
68021
68022
68023
68024
68025
68026
68027
68029
68030
68031
68032
68033
68034
68036
68037
68038
68039
68040
68041
68042
68043
68044
68046
68048
68049
69000
69002
69003
69005
69006
69007
69008
69009
69010
69011
69012
69013
69014
69015
69016
69017
69018
69019
69021
69022
69023
69024
69025
69026
69027
69028
69029
69030
69031
69032
69033
69034
69035
69036
69037
69039
69041
69042
69043
69045
69046
69047
69048
