./data/org_png/gear00000.png 15,23,41,33,0 99,17,129,26,0 18,81,45,91,0 104,75,134,83,0 37,33,105,53,1
./data/org_png/gear00001.png 15,23,42,33,0 98,17,130,27,0 15,80,47,90,0 105,74,135,85,0 36,33,104,53,1
./data/org_png/gear00002.png 8,13,34,23,0 94,6,125,19,0 11,70,39,82,0 97,65,129,76,0 33,24,98,45,1
./data/org_png/gear00003.png 7,9,29,17,0 80,4,103,12,0 83,56,103,64,0 10,60,32,68,0 41,16,83,31,1
./data/org_png/gear00004.png 7,9,30,17,0 80,3,103,12,0 10,60,32,68,0 83,56,103,63,0 41,16,83,32,1
./data/org_png/gear00005.png 8,13,34,24,0 94,8,126,17,0 10,70,38,81,0 97,65,130,75,0 32,20,97,45,1
./data/org_png/gear00006.png 9,15,32,24,0 83,10,108,17,0 12,67,34,74,0 85,62,108,70,0 45,22,86,39,1
./data/org_png/gear00007.png 9,15,31,23,0 83,10,107,19,0 11,68,34,74,0 83,62,108,70,0 45,23,86,37,1
./data/org_png/gear00008.png 7,12,28,20,0 78,8,100,15,0 10,63,31,71,0 80,59,100,67,0 44,20,82,34,1
./data/org_png/gear00009.png 6,12,28,19,0 77,7,100,14,0 8,63,31,71,0 79,58,100,66,0 44,19,81,36,1
./data/org_png/gear00010.png 7,9,33,17,0 92,3,119,11,0 11,64,38,72,0 94,57,127,67,0 32,17,96,39,1
./data/org_png/gear00012.png 7,8,34,16,0 87,2,116,11,0 90,55,120,63,0 11,60,36,69,0 32,16,91,34,1
./data/org_png/gear00013.png 7,8,33,17,0 90,2,115,11,0 11,61,36,69,0 90,54,121,65,0 31,15,91,34,1
./data/org_png/gear00014.png 6,11,30,19,0 94,10,117,19,0 94,69,119,78,0 7,70,33,78,0 27,21,83,40,1
./data/org_png/gear00015.png 4,12,29,19,0 91,10,115,19,0 92,69,118,78,0 4,71,30,78,0 27,20,83,42,1
./data/org_png/gear00016.png 1,8,23,17,0 85,8,109,16,0 85,65,112,74,0 1,67,26,75,0 23,20,79,36,1
./data/org_png/gear00017.png 0,9,25,17,0 85,8,110,16,0 85,66,113,74,0 1,67,24,75,0 22,19,78,37,1
./data/org_png/gear00018.png 4,8,26,15,0 86,7,109,14,0 6,62,31,71,0 85,62,112,70,0 25,17,77,34,1
./data/org_png/gear00019.png 4,7,27,15,0 84,7,108,15,0 5,63,28,70,0 87,62,109,69,0 25,17,79,33,1
./data/org_png/gear00020.png 1,7,26,14,0 81,6,105,15,0 3,61,26,70,0 83,61,107,70,0 22,16,76,30,1
./data/org_png/gear00022.png 5,5,28,14,0 82,6,107,14,0 84,60,108,68,0 6,61,29,68,0 25,15,75,32,1
./data/org_png/gear00023.png 2,11,27,20,0 86,8,116,17,0 87,63,120,75,0 2,67,30,78,0 25,20,90,43,1
./data/org_png/gear00024.png 0,8,21,16,0 79,9,104,19,0 79,64,106,73,0 0,64,21,73,0 17,20,73,35,1
./data/org_png/gear00026.png 1,11,27,20,0 87,8,116,17,0 89,64,119,74,0 5,68,30,78,0 26,22,89,40,1
./data/org_png/gear00027.png 7,7,31,14,0 87,8,112,15,0 88,63,114,71,0 8,62,32,71,0 29,18,80,31,1
./data/org_png/gear00030.png 7,7,29,13,0 86,9,109,17,0 8,62,29,69,0 86,63,112,71,0 27,23,80,36,1
./data/org_png/gear00031.png 0,4,18,10,0 77,6,99,14,0 0,58,16,65,0 77,60,100,67,0 18,18,70,35,1
./data/org_png/gear00033.png 10,7,33,13,0 86,11,108,19,0 87,66,110,72,0 11,61,29,68,0 29,23,78,38,1
./data/org_png/gear00034.png 9,6,30,13,0 86,12,109,19,0 88,65,108,72,0 10,61,30,68,0 29,24,79,37,1
./data/org_png/gear00035.png 13,16,39,26,0 95,13,124,23,0 18,70,41,80,0 97,66,128,77,0 36,29,98,44,1
./data/org_png/gear00037.png 6,10,24,16,0 74,8,96,14,0 14,55,33,61,0 84,53,104,59,0 28,26,66,38,1
./data/org_png/gear00038.png 5,8,22,14,0 71,5,94,11,0 82,50,104,56,0 15,52,33,59,0 26,24,65,36,1
./data/org_png/gear00039.png 5,8,23,14,0 72,5,93,12,0 14,53,32,60,0 83,49,104,56,0 27,23,65,37,1
./data/org_png/gear00041.png 6,14,27,20,0 76,10,88,16,0 21,59,38,65,0 29,27,68,42,1
./data/org_png/gear00043.png 8,12,35,23,0 96,9,131,19,0 100,67,132,79,0 10,71,38,84,0 33,27,98,42,1
./data/org_png/gear00044.png 1,12,29,20,0 96,8,128,18,0 96,69,132,81,0 4,75,32,83,0 30,25,99,43,1
./data/org_png/gear00045.png 2,11,30,21,0 96,8,129,18,0 97,69,130,80,0 3,73,32,84,0 31,24,101,41,1
./data/org_png/gear00046.png 10,4,35,12,0 95,0,123,8,0 12,60,40,69,0 95,56,127,64,0 38,14,97,29,1
./data/org_png/gear00047.png 11,7,35,14,0 96,3,124,11,0 97,60,126,68,0 13,64,36,72,0 40,20,100,31,1
./data/org_png/gear00048.png 5,10,34,19,0 89,7,119,14,0 36,22,95,35,1 9,66,34,74,0 93,62,120,70,0
./data/org_png/gear00050.png 45,19,95,31,1 9,7,34,15,0 92,3,118,11,0 94,57,120,66,0 12,63,36,70,0
./data/org_png/gear00051.png 42,21,86,34,1 8,12,31,19,0 82,7,103,15,0 84,58,103,66,0 11,63,34,71,0
./data/org_png/gear00052.png 43,21,87,33,1 9,12,32,19,0 84,7,104,14,0 85,59,104,66,0 12,64,33,71,0
./data/org_png/gear00053.png 42,11,106,26,1
./data/org_png/gear00054.png 38,70,104,86,1 11,22,36,34,0 96,15,124,28,0 99,73,130,84,0 13,79,42,90,0
./data/org_png/gear00056.png 40,0,82,5,1 7,11,28,17,0 82,5,105,13,0 9,62,32,68,0 82,57,107,64,0
./data/org_png/gear00057.png 9,9,31,17,0 83,4,101,12,0 12,60,33,67,0 85,56,101,63,0
./data/org_png/gear00058.png 32,7,95,19,1 10,17,34,25,0 93,9,124,19,0 96,67,128,76,0 10,73,38,83,0
./data/org_png/gear00059.png 8,15,32,22,0 83,9,106,16,0 83,61,107,69,0 11,66,34,73,0
./data/org_png/gear00060.png 9,14,30,20,0 83,8,106,16,0 12,64,35,72,0 84,60,107,68,0
./data/org_png/gear00063.png 35,80,99,87,1 7,10,33,19,0 90,4,120,13,0 93,59,123,67,0 10,66,36,74,0
./data/org_png/gear00064.png 36,81,99,87,1 7,10,33,18,0 92,3,120,12,0 94,58,124,68,0 11,65,37,74,0
./data/org_png/gear00065.png 31,70,94,78,1 5,9,30,17,0 87,3,114,12,0 88,55,117,65,0 9,61,33,69,0
./data/org_png/gear00068.png 5,11,29,18,0 90,10,115,19,0 92,70,117,78,0 9,71,30,78,0
./data/org_png/gear00069.png 4,9,27,17,0 89,8,114,16,0 90,65,114,74,0 4,67,27,75,0
